00   0 36529140 35637610 37420670 13.7 13.4 14.1 14463480 13990149 14936811 20.5 19.8 21.1  9311378  8914055  9708701 18.6 17.8 19.4  35492  35198  35786 4582977 4295266 4870688 23.4 21.9 24.9 United States                                 US
01   0   717822   674862   760782 16.7 15.7 17.7   273655   251970   295340 25.0 23.1 27.0   176441   156534   196348 22.5 20.0 25.1  29618  27833  31403   87340   77001   97679 29.2 25.8 32.7 Alabama                                       AL
02   0    64480    57707    71252 10.6  9.5 11.7    28707    24513    32901 14.8 12.7 17.0    18547    14661    22433 13.3 10.5 16.1  44797  41914  47680    8598    6705   10491 16.8 13.1 20.5 Alaska                                        AK
04   0   741878   695813   787942 16.3 15.3 17.3   308224   280112   336335 24.5 22.2 26.7   193204   168808   217600 23.0 20.1 25.9  32708  30973  34442  104090   90769  117410 28.2 24.6 31.8 Arizona                                       AZ
05   0   442445   417017   467872 17.6 16.6 18.6   172520   157954   187085 25.7 23.5 27.8   109341    95920   122762 22.8 20.0 25.6  27367  25683  29050   56848   49994   63701 31.4 27.6 35.2 Arkansas                                      AR
06   0  5343610  5102400  5584819 16.7 15.9 17.4  2295241  2141609  2448873 25.3 23.6 27.0  1472751  1339159  1606343 23.6 21.5 25.8  38691  37547  39835  758100  679747  836453 28.0 25.1 30.9 California                                    CA
08   0   407576   374165   440986 10.5  9.7 11.4   147436   129161   165711 14.3 12.6 16.1    90319    73657   106981 12.4 10.1 14.7  38923  36863  40983   47894   39066   56722 16.8 13.7 20.0 Colorado                                      CO
09   0   292139   260699   323580  9.0  8.0  9.9   118359   100061   136657 14.8 12.5 17.1    81372    63995    98749 14.4 11.3 17.5  44981  42610  47353   31637   24265   39010 14.5 11.1 17.8 Connecticut                                   CT
10   0    71563    64879    78247  9.8  8.9 10.7    27543    24297    30788 15.3 13.5 17.1    17030    14088    19972 13.4 11.1 15.8  39701  37598  41804    8898    7287   10509 17.9 14.6 21.1 Delaware                                      DE
11   0   111970   104188   119752 21.9 20.4 23.5    38857    35441    42274 36.1 32.9 39.3    26351    23421    29281 36.2 32.1 40.2  34436  32442  36429   11935   10076   13794 35.6 30.1 41.2 District of Columbia                          DC
12   0  2075160  1969180  2181140 14.2 13.5 14.9   784588   728670   840506 22.3 20.7 23.9   498654   448133   549175 20.0 18.0 22.1  31008  29861  32156  258225  231734  284715 26.5 23.8 29.2 Florida                                       FL
13   0  1142810  1076993  1208628 15.3 14.5 16.2   465533   430532   500535 23.0 21.2 24.7   299274   266856   331692 21.3 19.0 23.6  33763  31995  35532  148430  131248  165612 25.6 22.6 28.6 Georgia                                       GA
15   0   137386   124166   150606 11.7 10.6 12.8    54407    46730    62083 17.9 15.4 20.4    34502    27742    41262 16.2 13.0 19.4  43677  41383  45970   17325   13354   21296 19.6 15.1 24.0 Hawaii                                        HI
16   0   144038   132527   155550 11.9 11.0 12.9    56860    49727    63993 15.9 13.9 17.9    33687    27087    40287 13.0 10.5 15.6  33279  31365  35194   19894   16677   23111 21.1 17.7 24.5 Idaho                                         ID
17   0  1428275  1343696  1512855 12.0 11.3 12.7   591749   542886   640611 18.4 16.8 19.9   372098   328485   415711 16.6 14.6 18.5  39490  37981  41000  191336  165756  216915 20.9 18.1 23.7 Illinois                                      IL
18   0   543118   492130   594106  9.3  8.4 10.2   201160   173008   229312 13.0 11.2 14.8   118046    91978   144114 10.7  8.3 13.1  35502  33619  37386   68430   55085   81774 16.1 13.0 19.2 Indiana                                       IN
19   0   269368   244569   294166  9.5  8.6 10.4    93292    80494   106091 12.6 10.9 14.3    56218    44317    68119 10.4  8.2 12.6  33721  31827  35616   29423   23469   35377 15.7 12.5 18.9 Iowa                                          IA
20   0   277256   254641   299871 10.8  9.9 11.7   100894    88550   113238 14.3 12.5 16.0    62458    51124    73792 12.2 10.0 14.4  33610  31744  35476   32673   27045   38300 17.7 14.7 20.8 Kansas                                        KS
21   0   677953   639720   716186 17.5 16.5 18.5   252096   232920   271272 25.5 23.6 27.5   169550   152068   187032 23.7 21.3 26.2  30630  28685  32576   75101   65746   84455 27.9 24.4 31.4 Kentucky                                      KY
22   0   894633   848643   940623 20.7 19.7 21.8   369254   342485   396022 29.9 27.8 32.1   246088   221740   270436 27.9 25.1 30.6  28921  27059  30783  113033  100250  125816 34.6 30.7 38.5 Louisiana                                     LA
23   0   148529   136337   160721 12.0 11.0 13.0    51170    44532    57808 17.0 14.8 19.2    32984    26568    39400 15.1 12.2 18.0  33002  30950  35054   14700   12050   17350 21.0 17.2 24.8 Maine                                         ME
24   0   492425   446985   537865  9.7  8.8 10.6   187858   163830   211885 14.4 12.5 16.2   120008    98668   141348 13.0 10.7 15.4  44196  41941  46450   56995   44416   69573 15.9 12.4 19.5 Maryland                                      MD
25   0   598146   549637   646655  9.8  9.1 10.6   215411   188103   242720 14.7 12.8 16.5   141583   116676   166490 13.7 11.3 16.1  40686  38862  42510   63437   50992   75883 15.5 12.4 18.5 Massachusetts                                 MA
26   0  1192140  1109966  1274313 12.2 11.4 13.1   490305   447468   533142 19.0 17.3 20.6   320634   280269   360999 17.4 15.2 19.6  38266  36635  39896  145690  125198  166181 21.4 18.4 24.4 Michigan                                      MI
27   0   411866   371660   452072  8.8  8.0  9.7   148181   125496   170866 11.7  9.9 13.5    93596    72602   114590 10.2  7.9 12.4  39791  37665  41916   42476   32630   52322 13.0 10.0 16.0 Minnesota                                     MN
28   0   567049   533581   600518 20.8 19.6 22.1   232548   212148   252948 29.9 27.3 32.6   151338   133133   169543 27.2 24.0 30.5  26901  25195  28607   74232   64171   84293 35.3 30.5 40.1 Mississippi                                   MS
29   0   673280   622829   723731 12.6 11.6 13.5   260921   233789   288054 18.4 16.5 20.4   166992   141943   192041 16.1 13.7 18.5  32947  31022  34872   80697   68213   93180 21.7 18.4 25.1 Missouri                                      MO
30   0   132015   122846   141183 15.1 14.1 16.2    49667    44712    54622 21.6 19.4 23.8    32190    27630    36750 18.8 16.1 21.5  28714  27013  30415   15232   13135   17329 28.2 24.3 32.1 Montana                                       MT
31   0   153630   139063   168197  9.4  8.5 10.2    56679    48238    65120 12.7 10.8 14.6    31052    23404    38700  9.6  7.2 12.0  33562  31695  35430   20846   16861   24830 18.1 14.7 21.6 Nebraska                                      NE
32   0   161737   146295   177178  9.6  8.7 10.6    61697    53236    70159 13.7 11.8 15.6    35088    27375    42801 11.5  9.0 14.0  38213  36186  40241   22485   18217   26753 16.7 13.6 19.9 Nevada                                        NV
33   0    73675    63127    84222  6.3  5.4  7.2    23579    17823    29335  7.8  5.9  9.7    12870     7690    18050  5.9  3.5  8.2  40153  37994  42311    7942    5229   10656 10.4  6.9 14.0 New Hampshire                                 NH
34   0   726513   667216   785811  9.0  8.3  9.7   280978   248202   313754 13.8 12.2 15.4   184677   155254   214100 12.9 10.8 14.9  46872  44941  48804   80438   64386   96491 14.0 11.2 16.8 New Jersey                                    NJ
35   0   355969   334849   377089 20.6 19.4 21.8   153193   141094   165292 29.8 27.4 32.1   100464    89296   111632 27.1 24.1 30.1  27014  25327  28702   48993   43517   54470 35.3 31.3 39.2 New Mexico                                    NM
36   0  2945668  2811319  3080017 16.3 15.6 17.1  1156555  1076384  1236725 25.2 23.5 27.0   799151   727174   871128 24.6 22.4 26.9  35696  34526  36865  336002  298690  373314 25.7 22.9 28.6 New York                                      NY
37   0   940388   881081   999695 12.8 12.0 13.6   357716   326179   389253 18.8 17.2 20.5   225273   196653   253893 16.8 14.7 18.9  34487  32832  36142  115492  100251  130733 21.4 18.6 24.3 North Carolina                                NC
38   0    72664    66218    79111 11.5 10.5 12.5    25020    21709    28332 15.0 13.0 17.0    15208    11944    18472 12.6  9.9 15.2  30798  28964  32631    8040    6657    9423 19.4 16.1 22.8 North Dakota                                  ND
39   0  1307399  1226443  1388355 11.7 11.0 12.4   495269   449334   541205 17.0 15.4 18.6   315069   272849   357289 15.0 13.0 17.0  34198  32807  35588  159217  136755  181678 20.8 17.8 23.7 Ohio                                          OH
40   0   561382   529711   593054 17.1 16.1 18.0   224171   206476   241866 25.1 23.1 27.1   145829   129634   162024 22.5 20.0 25.0  27648  26013  29282   70585   62293   78877 30.4 26.9 34.0 Oklahoma                                      OK
41   0   398220   367678   428762 12.3 11.3 13.2   146438   128322   164554 17.6 15.5 19.8    91011    73611   108411 15.2 12.3 18.2  35144  33192  37096   48303   41682   54924 22.1 19.1 25.2 Oregon                                        OR
42   0  1371267  1285292  1457241 11.5 10.8 12.2   483014   437619   528408 16.5 14.9 18.0   326556   285687   367425 15.3 13.4 17.3  35109  33752  36465  133344  111282  155406 17.6 14.7 20.5 Pennsylvania                                  PA
44   0   114894   105602   124186 11.8 10.8 12.7    42635    37998    47273 17.5 15.6 19.4    27818    23506    32130 16.0 13.5 18.5  36402  34337  38466   12821   10691   14951 19.6 16.3 22.8 Rhode Island                                  RI
45   0   570423   533904   606941 15.2 14.2 16.2   223387   203466   243308 23.1 21.1 25.2   149078   130840   167316 21.3 18.7 23.9  32728  30685  34770   66788   57440   76137 25.7 22.1 29.3 South Carolina                                SC
46   0    93834    86116   101552 13.0 11.9 14.0    36576    31952    41199 18.3 15.9 20.6    22956    18636    27276 15.9 12.9 18.9  29810  28059  31562   11781    9759   13802 23.3 19.3 27.3 South Dakota                                  SD
47   0   791285   737221   845349 14.8 13.8 15.8   292146   263747   320545 21.7 19.6 23.8   181481   155740   207222 19.0 16.3 21.7  31097  29324  32869   98072   84429  111714 26.4 22.7 30.0 Tennessee                                     TN
48   0  3360806  3198409  3523203 17.5 16.7 18.3  1453265  1356151  1550379 25.8 24.1 27.6   918680   835907  1001453 23.6 21.4 25.7  32773  31561  33986  490301  438041  542561 29.6 26.5 32.8 Texas                                         TX
49   0   193813   172850   214777  9.4  8.3 10.4    80071    65974    94169 11.3  9.3 13.3    43132    30605    55659  8.8  6.2 11.3  36360  34418  38302   30377   23306   37448 14.8 11.4 18.3 Utah                                          UT
50   0    64559    58639    70478 11.0 10.0 12.0    21811    18406    25217 14.9 12.6 17.3    13909    10736    17082 12.8  9.9 15.7  33352  31405  35298    6365    4944    7786 18.4 14.3 22.5 Vermont                                       VT
51   0   769893   713048   826739 11.5 10.7 12.4   276151   247925   304377 16.6 14.9 18.3   181168   155099   207237 15.2 13.0 17.4  38510  36550  40471   82819   69116   96522 18.0 15.0 21.0 Virginia                                      VA
53   0   641386   590768   692003 11.5 10.6 12.4   245319   217163   273475 16.7 14.8 18.6   158407   132212   184602 14.9 12.4 17.3  37847  35849  39845   74273   61899   86646 19.0 15.9 22.2 Washington                                    WA
54   0   359999   336483   383516 19.9 18.6 21.1   125415   113769   137061 29.8 27.0 32.6    84075    72884    95266 28.2 24.5 32.0  25760  24151  27369   36922   31815   42029 34.7 29.9 39.5 West Virginia                                 WV
55   0   447899   402432   493366  8.7  7.8  9.5   166956   140204   193708 12.2 10.2 14.2   102437    77481   127393 10.2  7.7 12.7  38598  36502  40694   51276   39243   63309 14.9 11.4 18.4 Wisconsin                                     WI
56   0    52907    48246    57567 11.1 10.1 12.0    19000    16395    21605 14.3 12.4 16.3    10733     8318    13148 10.9  8.4 13.3  31173  29348  32998    6829    5651    8008 21.6 17.9 25.3 Wyoming                                       WY